ppoi 6 6 2 200 100
sched 200 98
r 0 384 3 4 4 4
r 1 203 2 3 3
r 2 96 1 6
r 3 103 3 3 3 3
r 4 292 1 6
r 5 101 1 6
r 6 298 1 3
r 7 381 2 1 1
r 8 387 3 5 5 5
r 9 205 2 1 1
r 10 284 2 4 4
r 11 94 2 3 5
r 12 482 2 4 4
r 13 193 3 1 3 6
r 14 299 3 3 3 6
r 15 396 3 1 1 1
r 16 104 1 6
r 17 204 2 4 4
r 18 481 1 5
r 19 117 2 3 3
r 20 184 3 4 4 6
r 21 114 3 6 6 6
r 22 401 3 0 5 5
r 23 472 2 1 1
r 24 492 3 3 3 3
r 25 396 2 3 3
r 26 404 3 3 3 3
r 27 488 3 1 1 1
r 28 280 2 5 5
r 29 205 3 1 1 1
r 30 104 3 3 3 3
r 31 305 3 1 3 3
r 32 210 2 0 3
r 33 296 1 5
r 34 197 1 5
r 35 94 1 6
r 36 102 1 6
r 37 201 2 6 6
r 38 88 3 1 3 3
r 39 502 2 1 1
r 40 477 1 0
r 41 386 2 3 3
r 42 208 1 3
r 43 92 3 3 3 3
r 44 194 3 5 5 5
r 45 489 1 4
r 46 400 2 3 3
r 47 88 2 6 6
r 48 497 3 3 3 3
r 49 191 3 1 5 6
r 50 110 3 1 1 3
r 51 105 1 6
r 52 472 1 5
r 53 199 2 1 1
r 54 302 3 3 3 3
r 55 91 2 5 5
r 56 280 1 3
r 57 480 2 3 3
r 58 93 2 6 6
r 59 500 1 4
r 60 472 2 6 6
r 61 400 2 4 4
r 62 206 1 1
r 63 202 1 4
r 64 200 1 0
r 65 376 3 5 5 5
r 66 376 2 4 4
r 67 378 1 6
r 68 385 3 6 6 6
r 69 284 2 4 4
r 70 393 1 3
r 71 192 1 5
r 72 99 3 6 6 6
r 73 394 3 3 3 3
r 74 481 3 5 5 5
r 75 97 1 6
r 76 210 3 3 3 3
r 77 91 2 6 6
r 78 192 3 6 6 6
r 79 386 1 5
r 80 115 1 6
r 81 380 2 3 6
r 82 499 1 6
r 83 304 3 5 5 6
r 84 394 3 5 5 5
r 85 296 3 1 1 1
r 86 485 3 1 3 3
r 87 293 1 6
r 88 280 1 1
r 89 397 3 5 5 5
r 90 472 2 5 5
r 91 195 2 3 3
r 92 96 1 6
r 93 98 1 6
r 94 200 3 5 5 5
r 95 393 1 3
r 96 92 1 6
r 97 116 2 6 6
r 98 406 3 4 4 4
r 99 378 1 4
r 100 401 1 4
r 101 117 2 5 5
r 102 499 1 3
r 103 197 1 6
r 104 376 2 3 3
r 105 212 2 0 5
r 106 390 2 6 6
r 107 209 1 1
r 108 285 3 6 6 6
r 109 291 3 0 5 5
r 110 101 2 5 6
r 111 477 2 1 1
r 112 389 1 0
r 113 475 3 3 3 3
r 114 387 1 1
r 115 395 1 5
r 116 292 2 3 3
r 117 404 3 5 5 5
r 118 96 2 4 4
r 119 384 2 1 1
r 120 191 3 4 6 6
r 121 109 1 6
r 122 479 2 6 6
r 123 192 2 1 3
r 124 104 1 6
r 125 98 3 1 1 3
r 126 479 3 5 5 6
r 127 98 2 5 5
r 128 280 2 6 6
r 129 289 2 1 1
r 130 280 1 3
r 131 382 2 0 4
r 132 205 1 6
r 133 286 3 0 1 1
r 134 206 1 6
r 135 402 2 1 1
r 136 501 3 3 3 3
r 137 89 3 1 1 6
r 138 198 3 3 6 6
r 139 291 3 6 6 6
r 140 376 1 6
r 141 472 3 0 5 5
r 142 390 2 3 3
r 143 303 1 3
r 144 307 2 3 3
r 145 108 3 1 1 5
r 146 387 1 3
r 147 184 3 1 1 1
r 148 104 1 5
r 149 310 2 3 3
r 150 209 2 3 3
r 151 376 3 6 6 6
r 152 383 3 6 6 6
r 153 116 2 5 5
r 154 486 1 0
r 155 208 1 5
r 156 399 1 4
r 157 400 1 3
r 158 304 2 3 3
r 159 292 3 3 3 3
r 160 380 1 6
r 161 200 2 1 1
r 162 201 1 5
r 163 187 3 3 3 3
r 164 88 2 6 6
r 165 492 1 0
r 166 106 1 5
r 167 490 2 3 3
r 168 498 3 5 5 5
r 169 491 3 3 3 5
r 170 472 2 5 5
r 171 189 3 1 1 1
r 172 486 2 6 6
r 173 485 3 1 1 6
r 174 496 3 4 4 4
r 175 92 1 1
r 176 295 1 6
r 177 280 2 1 1
r 178 474 1 5
r 179 486 2 5 5
r 180 109 1 3
r 181 378 1 3
r 182 90 3 1 1 3
r 183 298 3 6 6 6
r 184 497 1 6
r 185 293 3 5 5 5
r 186 92 3 1 1 1
r 187 107 2 5 5
r 188 283 3 5 5 5
r 189 109 2 5 6
r 190 501 2 4 4
r 191 88 3 5 5 5
r 192 280 3 1 1 1
r 193 500 2 3 3
r 194 376 2 5 5
r 195 88 2 6 6
r 196 213 3 1 1 1
r 197 88 2 1 1
r 198 198 3 1 1 6
r 199 280 1 5
a 0 2304 1 3
a 1 1432 1 3
a 2 1462 3 1 1 1
a 3 2321 2 5 5
a 4 777 3 1 1 3
a 5 2418 2 1 1
a 6 773 1 6
a 7 1636 3 5 5 5
a 8 2125 2 1 6
a 9 1644 2 3 3
a 10 1529 2 5 5
a 11 1443 1 5
a 12 860 3 0 6 6
a 13 2494 2 6 6
a 14 1161 3 3 3 3
a 16 2405 3 3 3 3
a 17 2877 2 6 6
a 18 2296 1 0
a 19 184 2 4 5
a 20 1442 3 1 1 1
a 21 1530 1 4
a 22 188 1 6
a 23 2488 1 5
a 24 2127 3 3 6 6
a 25 771 3 1 1 1
a 26 101 2 5 5
a 27 391 3 6 6 6
a 28 2872 3 3 3 3
a 29 188 2 6 6
a 30 858 1 3
a 31 113 2 6 6
a 32 1734 3 6 6 6
a 33 1632 3 5 6 6
a 34 489 3 6 6 6
a 35 306 2 6 6
a 36 558 2 1 1
a 37 497 1 5
a 38 786 3 1 6 6
a 39 1822 2 4 4
a 40 2132 3 1 1 1
a 41 1447 2 5 5
a 42 1462 1 1
a 43 1528 2 3 3
a 44 2796 2 3 5
a 45 857 1 1
a 46 2797 3 1 1 1
a 47 402 3 6 6 6
a 48 2200 3 3 3 3
a 49 1060 1 1
a 50 2305 1 3
a 51 1818 2 6 6
a 52 2874 1 0
a 53 1649 3 1 1 5
a 54 1530 2 3 3
a 55 2785 2 1 1
a 56 1528 3 5 5 5
a 57 856 3 0 4 4
a 58 186 1 0
a 59 1452 3 5 5 5
a 60 2872 1 6
a 61 99 2 1 6
a 62 2491 3 5 5 5
a 63 185 2 6 6
a 64 2873 1 6
a 65 2202 3 0 6 6
a 66 2124 2 5 5
a 67 2204 3 5 5 5
a 68 1061 3 1 1 1
a 69 2872 2 1 1
a 70 2118 2 1 6
a 71 96 1 1
a 72 187 2 3 3
a 73 2506 2 6 6
a 74 1531 3 4 4 4
a 75 1148 1 3
a 76 1644 1 6
a 78 2875 3 3 3 5
a 79 2801 3 5 6 6
a 80 856 3 6 6 6
a 81 2874 3 6 6 6
a 82 778 1 0
a 83 93 1 0
a 84 1532 3 6 6 6
a 85 2412 1 3
a 86 1456 2 6 6
a 87 2314 2 5 5
a 88 290 2 1 6
a 89 2789 3 4 4 5
a 90 106 3 6 6 6
a 91 100 1 0
a 92 1070 1 1
a 93 858 3 5 5 5
a 94 1450 2 1 1
a 95 110 3 5 5 5
a 96 2310 1 4
a 97 785 3 1 1 1
a 98 2201 2 3 3
a 99 768 2 3 3
c 0 0 2
c 0 1 2
c 0 2 2
c 0 3 2
c 0 4 2
c 0 5 2
c 0 6 0
c 0 7 0
c 0 8 0
c 0 9 0
c 0 10 0
c 0 11 0
c 0 30 2
c 0 31 2
c 0 32 2
c 0 33 2
c 0 34 2
c 0 35 2
c 0 36 2
c 0 37 2
c 0 66 0
c 0 82 0
c 0 83 0
c 0 84 0
c 0 85 0
c 0 86 0
c 0 87 0
c 0 89 2
c 0 105 0
c 0 113 0
c 0 122 2
c 0 123 2
c 0 126 2
c 0 127 2
c 0 128 2
c 0 129 2
c 0 130 2
c 0 131 2
c 0 162 0
c 0 163 0
c 0 164 0
c 0 165 0
c 0 166 0
c 0 167 0
c 0 168 0
c 0 169 0
c 0 172 2
c 0 173 2
c 0 174 2
c 0 175 2
c 0 176 0
c 0 177 0
c 0 178 0
c 0 179 0
c 0 184 2
c 0 185 2
c 0 186 0
c 0 187 0
c 0 214 2
c 0 215 2
c 0 218 0
c 0 219 0
c 0 222 2
c 0 223 2
c 0 224 2
c 0 225 2
c 0 226 2
c 0 227 2
c 0 228 2
c 0 229 2
c 0 252 0
c 0 253 0
c 0 254 0
c 0 255 0
c 0 258 0
c 0 259 0
c 0 260 0
c 0 261 0
c 0 268 2
c 0 269 2
c 0 278 0
c 0 279 0
c 0 283 2
c 0 285 2
c 0 286 2
c 0 287 2
c 0 289 2
c 0 291 2
c 0 293 2
c 0 294 2
c 0 310 0
c 0 311 0
c 0 314 0
c 0 315 0
c 0 318 2
c 0 319 2
c 0 322 2
c 0 323 2
c 0 324 0
c 0 325 0
c 0 326 0
c 0 327 0
c 0 328 2
c 0 329 2
c 0 330 2
c 0 331 2
c 0 350 0
c 0 351 0
c 0 352 0
c 0 353 0
c 0 354 0
c 0 355 0
c 0 356 0
c 0 357 0
c 0 364 2
c 0 365 2
c 0 366 0
c 0 367 0
c 0 370 2
c 0 371 2
c 0 374 0
c 0 375 0
c 0 381 2
c 0 382 2
c 0 383 2
c 0 384 2
c 0 385 2
c 0 389 0
c 0 390 0
c 0 394 2
c 0 395 2
c 0 397 2
c 0 398 2
c 0 399 2
c 0 400 0
c 0 403 0
c 0 406 0
c 0 407 0
c 0 408 0
c 0 409 0
c 0 412 0
c 0 413 0
c 0 414 2
c 0 415 2
c 0 416 2
c 0 417 2
c 0 418 2
c 0 419 2
c 0 420 2
c 0 421 2
c 0 422 0
c 0 423 0
c 0 424 2
c 0 425 2
c 0 440 0
c 0 441 0
c 0 442 0
c 0 443 0
c 0 448 0
c 0 449 0
c 0 450 0
c 0 451 0
c 0 464 2
c 0 465 2
c 0 466 2
c 0 467 2
c 0 468 0
c 0 469 0
c 0 470 0
c 0 471 0
c 0 478 2
c 0 479 2
c 0 484 2
c 0 485 2
c 0 486 2
c 0 487 2
c 0 489 2
c 0 492 2
c 0 504 0
c 0 505 0
c 0 506 0
c 0 507 0
c 0 508 0
c 0 509 0
c 0 510 0
c 0 511 0
c 0 512 2
c 0 513 2
c 0 514 2
c 0 515 2
c 0 516 2
c 0 517 2
c 0 518 2
c 0 519 2
c 0 522 0
c 0 523 0
c 0 524 2
c 0 525 2
c 0 526 0
c 0 527 0
c 0 528 0
c 0 529 0
c 0 532 2
c 0 533 2
c 0 536 2
c 0 537 2
c 0 546 0
c 0 547 0
c 0 548 0
c 0 549 0
c 0 552 2
c 0 553 2
c 0 554 2
c 0 555 2
c 0 558 0
c 0 559 0
c 0 560 0
c 0 561 0
c 0 562 2
c 0 563 2
c 0 564 2
c 0 565 2
c 0 566 0
c 0 567 0
c 0 568 0
c 0 569 0
c 0 570 0
c 0 571 0
c 0 572 0
c 0 573 0
c 0 576 2
c 0 577 2
c 0 578 2
c 0 579 2
c 0 580 2
c 0 581 2
c 0 582 2
c 0 583 2
c 0 586 0
c 0 587 0
c 0 588 2
c 0 589 2
c 0 590 0
c 0 591 0
c 0 592 0
c 0 593 0
c 0 594 0
c 0 595 0
c 0 596 0
c 0 597 0
c 0 606 2
c 0 607 2
c 0 608 2
c 0 609 2
c 0 610 2
c 0 611 2
c 0 612 2
c 0 613 2
c 0 638 0
c 0 639 0
c 0 640 0
c 0 641 0
c 0 642 0
c 0 643 0
c 0 644 0
c 0 645 0
c 0 652 2
c 0 653 2
c 0 654 2
c 0 655 2
c 0 656 2
c 0 657 2
c 0 658 2
c 0 659 2
c 0 662 0
c 0 663 0
c 0 664 2
c 0 665 2
c 0 666 0
c 0 667 0
c 0 668 0
c 0 669 0
c 0 670 0
c 0 671 0
c 0 672 2
c 0 673 2
c 0 674 2
c 0 675 2
c 0 676 2
c 0 677 2
c 0 678 0
c 0 679 0
c 0 680 0
c 0 681 0
c 0 682 0
c 0 683 0
c 0 684 0
c 0 685 0
c 0 688 2
c 0 689 2
c 0 690 0
c 0 691 0
c 0 704 2
c 0 705 2
c 0 706 2
c 0 707 2
c 0 708 2
c 0 709 2
c 0 710 2
c 0 711 2
c 0 734 0
c 0 735 0
c 0 738 0
c 0 739 0
c 0 740 0
c 0 741 0
c 0 742 0
c 0 743 0
c 0 746 2
c 0 747 2
c 0 750 0
c 0 751 0
c 0 752 2
c 0 753 2
c 0 754 2
c 0 755 2
c 0 756 0
c 0 757 0
c 0 758 0
c 0 759 0
c 0 771 2
c 0 777 2
c 0 779 0
c 0 788 0
c 0 794 2
c 0 795 2
c 0 798 2
c 0 799 2
c 0 800 2
c 0 801 2
c 0 802 2
c 0 803 2
c 0 814 0
c 0 815 0
c 0 816 2
c 0 817 2
c 0 828 0
c 0 829 0
c 0 830 0
c 0 831 0
c 0 832 0
c 0 833 0
c 0 834 0
c 0 835 0
c 0 844 2
c 0 845 2
c 0 846 0
c 0 847 0
c 0 848 2
c 0 849 2
c 0 852 0
c 0 853 0
c 0 875 2
c 0 876 2
c 0 883 2
c 0 884 2
c 0 886 0
c 0 887 0
c 0 888 0
c 0 889 0
c 0 890 2
c 0 891 2
c 0 894 2
c 0 895 2
c 0 896 2
c 0 897 2
c 0 898 2
c 0 899 2
c 0 910 0
c 0 911 0
c 0 912 2
c 0 913 2
c 0 922 0
c 0 923 0
c 0 924 0
c 0 925 0
c 0 926 0
c 0 927 0
c 0 928 0
c 0 929 0
c 0 942 2
c 0 943 2
c 0 944 2
c 0 945 2
c 0 946 2
c 0 947 2
c 0 948 0
c 0 949 0
c 0 950 0
c 0 951 0
c 0 955 2
c 0 957 2
c 0 958 2
c 0 959 2
c 0 961 2
c 0 976 2
c 0 988 0
c 0 989 0
c 0 990 0
c 0 991 0
c 0 992 2
c 0 993 2
c 0 994 2
c 0 995 2
c 0 1000 0
c 0 1001 0
c 0 1002 2
c 0 1003 2
c 0 1006 0
c 0 1007 0
c 0 1008 2
c 0 1009 2
c 0 1018 0
c 0 1019 0
c 0 1020 2
c 0 1021 0
c 0 1022 2
c 0 1023 2
c 0 1024 0
c 0 1025 0
c 0 1026 2
c 0 1027 0
c 0 1028 0
c 0 1029 0
c 0 1030 0
c 0 1031 0
c 0 1032 0
c 0 1033 0
c 0 1040 2
c 0 1041 2
c 0 1042 2
c 0 1043 2
c 0 1044 0
c 0 1045 0
c 0 1046 0
c 0 1047 0
c 0 1052 2
c 0 1053 2
c 0 1054 2
c 0 1056 2
c 0 1060 2
c 0 1061 2
c 0 1063 0
c 0 1065 0
c 0 1066 2
c 0 1069 2
c 0 1073 2
c 0 1075 0
c 0 1076 2
c 0 1080 0
c 0 1081 0
c 0 1086 2
c 0 1087 2
c 0 1088 0
c 0 1089 0
c 0 1090 0
c 0 1091 0
c 0 1092 2
c 0 1093 2
c 0 1094 2
c 0 1095 2
c 0 1096 2
c 0 1102 0
c 0 1103 0
c 0 1104 0
c 0 1105 0
c 0 1108 2
c 0 1109 2
c 0 1110 2
c 0 1111 2
c 0 1116 0
c 0 1117 0
c 0 1120 0
c 0 1121 0
c 0 1122 2
c 0 1123 2
c 0 1124 0
c 0 1125 0
c 0 1126 0
c 0 1127 0
c 0 1128 0
c 0 1129 0
c 0 1138 2
c 0 1139 2
c 0 1143 0
c 0 1146 2
c 0 1147 2
c 0 1150 0
c 0 1154 2
c 0 1156 2
c 0 1157 2
c 0 1158 2
c 0 1159 2
c 0 1161 2
c 0 1163 0
c 0 1164 2
c 0 1173 0
c 0 1176 0
c 0 1177 0
c 0 1178 0
c 0 1179 0
c 0 1180 0
c 0 1181 0
c 0 1182 0
c 0 1184 2
c 0 1185 2
c 0 1186 2
c 0 1187 2
c 0 1188 2
c 0 1189 2
c 0 1190 2
c 0 1191 2
c 0 1194 0
c 0 1195 0
c 0 1198 0
c 0 1199 0
c 0 1202 0
c 0 1203 0
c 0 1204 2
c 0 1205 2
c 0 1206 2
c 0 1207 2
c 0 1212 0
c 0 1213 0
c 0 1214 0
c 0 1215 0
c 0 1224 2
c 0 1225 2
c 0 1226 2
c 0 1227 2
c 0 1228 2
c 0 1229 2
c 0 1252 0
c 0 1253 0
c 0 1256 0
c 0 1257 0
c 0 1262 0
c 0 1263 0
c 0 1264 0
c 0 1265 0
c 0 1280 2
c 0 1281 2
c 0 1282 2
c 0 1283 2
c 0 1284 2
c 0 1285 2
c 0 1286 2
c 0 1287 2
c 0 1310 0
c 0 1311 0
c 0 1312 2
c 0 1313 2
c 0 1316 0
c 0 1317 0
c 0 1318 0
c 0 1319 0
c 0 1320 0
c 0 1321 0
c 0 1322 2
c 0 1323 2
c 0 1326 2
c 0 1327 2
c 0 1328 2
c 0 1329 2
c 0 1330 0
c 0 1331 0
c 0 1332 2
c 0 1333 2
c 0 1334 0
c 0 1335 0
c 0 1336 0
c 0 1337 0
c 0 1338 0
c 0 1339 0
c 0 1340 2
c 0 1341 2
c 0 1342 0
c 0 1343 0
c 0 1344 2
c 0 1345 2
c 0 1346 0
c 0 1347 0
c 0 1348 2
c 0 1349 2
c 0 1350 0
c 0 1351 0
c 0 1352 0
c 0 1353 0
c 0 1362 2
c 0 1363 2
c 0 1366 2
c 0 1367 2
c 0 1368 2
c 0 1369 2
c 0 1370 0
c 0 1371 0
c 0 1372 0
c 0 1373 0
c 0 1374 2
c 0 1375 2
c 0 1376 2
c 0 1377 2
c 0 1378 2
c 0 1379 2
c 0 1382 0
c 0 1383 0
c 0 1386 2
c 0 1387 2
c 0 1406 0
c 0 1407 0
c 0 1408 0
c 0 1409 0
c 0 1412 0
c 0 1413 0
c 0 1414 0
c 0 1415 0
c 0 1422 2
c 0 1423 2
c 0 1424 2
c 0 1425 2
c 0 1428 0
c 0 1429 0
c 0 1430 0
c 0 1431 0
c 0 1436 2
c 0 1441 0
c 0 1442 2
c 0 1443 2
c 0 1444 2
c 0 1446 0
c 0 1448 2
c 0 1451 0
c 0 1452 2
c 0 1453 2
c 0 1456 2
c 0 1459 2
c 0 1460 2
c 0 1461 2
c 0 1464 0
c 0 1465 0
c 0 1466 0
c 0 1467 0
c 0 1468 0
c 0 1469 0
c 0 1470 0
c 0 1471 0
c 0 1472 2
c 0 1473 2
c 0 1476 2
c 0 1477 2
c 0 1478 2
c 0 1479 2
c 0 1480 2
c 0 1481 2
c 0 1486 0
c 0 1487 0
c 0 1488 2
c 0 1489 2
c 0 1490 0
c 0 1491 0
c 0 1494 2
c 0 1495 2
c 0 1506 0
c 0 1507 0
c 0 1508 0
c 0 1509 0
c 0 1512 0
c 0 1513 0
c 0 1516 2
c 0 1517 2
c 0 1520 0
c 0 1521 0
c 0 1524 0
c 0 1525 0
c 0 1533 2
c 0 1536 2
c 0 1538 2
c 0 1549 2
c 0 1554 2
c 0 1556 2
c 0 1557 2
c 0 1558 0
c 0 1559 0
c 0 1560 0
c 0 1561 0
c 0 1565 0
c 0 1566 2
c 0 1567 2
c 0 1568 2
c 0 1569 2
c 0 1570 2
c 0 1571 2
c 0 1578 0
c 0 1579 0
c 0 1580 0
c 0 1581 0
c 0 1582 0
c 0 1583 0
c 0 1584 2
c 0 1585 2
c 0 1586 0
c 0 1587 0
c 0 1596 0
c 0 1597 0
c 0 1614 2
c 0 1615 2
c 0 1616 2
c 0 1617 2
c 0 1620 0
c 0 1621 0
c 0 1622 0
c 0 1623 0
c 0 1633 2
c 0 1634 0
c 0 1658 2
c 0 1659 2
c 0 1660 2
c 0 1661 2
c 0 1662 2
c 0 1663 2
c 0 1666 2
c 0 1667 2
c 0 1682 0
c 0 1683 0
c 0 1686 2
c 0 1687 2
c 0 1696 0
c 0 1697 0
c 0 1698 0
c 0 1699 0
c 0 1700 0
c 0 1701 0
c 0 1702 0
c 0 1703 0
c 0 1710 2
c 0 1711 2
c 0 1712 2
c 0 1713 2
c 0 1716 0
c 0 1717 0
c 0 1718 0
c 0 1719 0
c 0 1728 2
c 0 1733 0
c 0 1738 2
c 0 1739 0
c 0 1746 2
c 0 1747 2
c 0 1752 2
c 0 1753 2
c 0 1754 2
c 0 1755 2
c 0 1758 2
c 0 1759 2
c 0 1768 0
c 0 1769 0
c 0 1772 2
c 0 1773 2
c 0 1774 0
c 0 1775 0
c 0 1776 2
c 0 1777 2
c 0 1778 0
c 0 1779 0
c 0 1780 2
c 0 1781 2
c 0 1792 0
c 0 1793 0
c 0 1794 0
c 0 1795 0
c 0 1796 0
c 0 1797 0
c 0 1798 0
c 0 1799 0
c 0 1806 2
c 0 1807 2
c 0 1812 0
c 0 1813 0
c 0 1818 2
c 0 1828 2
c 0 1829 2
c 0 1830 2
c 0 1831 2
c 0 1834 2
c 0 1835 2
c 0 1837 0
c 0 1838 2
c 0 1839 2
c 0 1840 0
c 0 1841 0
c 0 1844 2
c 0 1845 2
c 0 1848 0
c 0 1849 0
c 0 1850 0
c 0 1851 0
c 0 1854 2
c 0 1855 2
c 0 1856 2
c 0 1857 2
c 0 1862 0
c 0 1863 0
c 0 1864 2
c 0 1865 2
c 0 1866 0
c 0 1867 0
c 0 1868 0
c 0 1869 0
c 0 1870 0
c 0 1871 0
c 0 1872 2
c 0 1873 2
c 0 1876 2
c 0 1877 2
c 0 1878 2
c 0 1879 2
c 0 1894 0
c 0 1895 0
c 0 1896 0
c 0 1897 0
c 0 1898 0
c 0 1899 0
c 0 1900 0
c 0 1901 0
c 0 1902 2
c 0 1903 2
c 0 1904 0
c 0 1905 0
c 0 1944 2
c 0 1945 2
c 0 1950 2
c 0 1951 2
c 0 1952 2
c 0 1953 2
c 0 1956 0
c 0 1957 0
c 0 1962 2
c 0 1963 2
c 0 1964 2
c 0 1965 2
c 0 1968 0
c 0 1969 0
c 0 1970 0
c 0 1971 0
c 0 1972 2
c 0 1973 2
c 0 1974 2
c 0 1975 2
c 0 1998 0
c 0 1999 0
c 0 2000 0
c 0 2001 0
c 0 2002 0
c 0 2003 0
c 0 2004 0
c 0 2005 0
c 0 2006 2
c 0 2007 2
c 0 2008 2
c 0 2009 2
c 0 2010 2
c 0 2011 2
c 0 2014 0
c 0 2015 0
c 0 2016 0
c 0 2017 0
c 0 2018 0
c 0 2019 0
c 0 2032 2
c 0 2033 2
c 0 2034 2
c 0 2035 2
c 0 2036 0
c 0 2037 0
c 0 2040 0
c 0 2041 0
c 0 2044 2
c 0 2045 2
c 0 2050 2
c 0 2051 2
c 0 2066 2
c 0 2067 2
c 0 2068 2
c 0 2069 2
c 0 2074 0
c 0 2075 0
c 0 2076 0
c 0 2077 0
c 0 2078 0
c 0 2079 0
c 0 2080 0
c 0 2081 0
c 0 2094 2
c 0 2095 2
c 0 2096 2
c 0 2097 2
c 0 2098 2
c 0 2099 2
c 0 2100 0
c 0 2101 0
c 0 2105 2
c 0 2106 2
c 0 2108 2
c 0 2109 2
c 0 2121 0
c 0 2125 2
c 0 2126 0
c 0 2127 2
c 0 2136 0
c 0 2137 0
c 0 2138 0
c 0 2139 0
c 0 2140 0
c 0 2141 0
c 0 2142 0
c 0 2143 0
c 0 2146 2
c 0 2147 2
c 0 2152 0
c 0 2153 0
c 0 2160 2
c 0 2161 2
c 0 2162 0
c 0 2163 0
c 0 2168 2
c 0 2169 2
c 0 2170 2
c 0 2171 2
c 0 2174 2
c 0 2175 2
c 0 2178 0
c 0 2179 0
c 0 2180 0
c 0 2181 0
c 0 2182 0
c 0 2183 0
c 0 2188 2
c 0 2189 2
c 0 2190 2
c 0 2191 2
c 0 2192 2
c 0 2193 2
c 0 2196 0
c 0 2197 0
c 0 2198 0
c 0 2199 0
c 0 2205 0
c 0 2209 2
c 0 2210 2
c 0 2212 2
c 0 2217 2
c 0 2219 2
c 0 2220 2
c 0 2221 2
c 0 2229 0
c 0 2230 0
c 0 2231 0
c 0 2232 0
c 0 2233 0
c 0 2234 0
c 0 2235 0
c 0 2237 0
c 0 2240 2
c 0 2241 2
c 0 2242 2
c 0 2243 2
c 0 2244 2
c 0 2245 2
c 0 2246 2
c 0 2247 2
c 0 2252 0
c 0 2253 0
c 0 2254 0
c 0 2255 0
c 0 2256 2
c 0 2257 2
c 0 2262 2
c 0 2263 2
c 0 2272 0
c 0 2273 0
c 0 2274 0
c 0 2275 0
c 0 2276 0
c 0 2277 0
c 0 2278 0
c 0 2279 0
c 0 2286 2
c 0 2287 2
c 0 2288 2
c 0 2289 2
c 0 2291 2
c 0 2292 0
c 0 2293 0
c 0 2294 0
c 0 2295 0
c 0 2299 2
c 0 2302 2
c 0 2305 2
c 0 2313 0
c 0 2318 0
c 0 2319 0
c 0 2327 2
c 0 2330 0
c 0 2331 0
c 0 2332 2
c 0 2333 2
c 0 2335 2
c 0 2337 2
c 0 2338 2
c 0 2339 2
c 0 2340 2
c 0 2341 2
c 0 2344 0
c 0 2345 0
c 0 2346 0
c 0 2347 0
c 0 2348 0
c 0 2349 0
c 0 2350 0
c 0 2351 0
c 0 2356 2
c 0 2357 2
c 0 2358 2
c 0 2359 2
c 0 2360 2
c 0 2361 2
c 0 2362 2
c 0 2363 2
c 0 2378 0
c 0 2379 0
c 0 2384 0
c 0 2385 0
c 0 2388 0
c 0 2389 0
c 0 2390 0
c 0 2391 0
c 0 2397 2
c 0 2398 2
c 0 2400 2
c 0 2405 2
c 0 2410 2
c 0 2412 0
c 0 2420 2
c 0 2425 0
c 0 2426 0
c 0 2427 0
c 0 2428 0
c 0 2429 0
c 0 2430 2
c 0 2431 2
c 0 2432 2
c 0 2433 2
c 0 2434 2
c 0 2435 2
c 0 2436 2
c 0 2437 2
c 0 2450 0
c 0 2451 0
c 0 2454 2
c 0 2455 2
c 0 2460 0
c 0 2461 0
c 0 2462 0
c 0 2463 0
c 0 2464 0
c 0 2465 0
c 0 2468 0
c 0 2469 0
c 0 2474 2
c 0 2475 2
c 0 2476 2
c 0 2477 2
c 0 2480 0
c 0 2481 0
c 0 2484 0
c 0 2485 0
c 0 2488 2
c 0 2490 0
c 0 2493 2
c 0 2495 0
c 0 2508 2
c 0 2513 0
c 0 2520 2
c 0 2521 2
c 0 2522 0
c 0 2523 0
c 0 2524 2
c 0 2525 2
c 0 2526 2
c 0 2527 2
c 0 2528 2
c 0 2529 2
c 0 2530 2
c 0 2531 2
c 0 2542 0
c 0 2543 0
c 0 2544 2
c 0 2545 2
c 0 2574 0
c 0 2575 0
c 0 2576 0
c 0 2577 0
c 0 2578 0
c 0 2579 0
c 0 2582 0
c 0 2583 0
c 0 2584 2
c 0 2585 2
c 0 2586 2
c 0 2587 2
c 0 2588 2
c 0 2589 2
c 0 2590 2
c 0 2591 2
c 0 2592 0
c 0 2593 0
c 0 2594 0
c 0 2595 0
c 0 2596 0
c 0 2597 0
c 0 2598 0
c 0 2599 0
c 0 2600 2
c 0 2601 2
c 0 2602 0
c 0 2603 0
c 0 2606 2
c 0 2607 2
c 0 2608 2
c 0 2609 2
c 0 2610 2
c 0 2611 2
c 0 2612 0
c 0 2613 0
c 0 2614 2
c 0 2615 2
c 0 2616 2
c 0 2617 2
c 0 2618 0
c 0 2619 0
c 0 2620 0
c 0 2621 0
c 0 2622 2
c 0 2623 2
c 0 2624 2
c 0 2625 2
c 0 2628 0
c 0 2629 0
c 0 2630 2
c 0 2631 2
c 0 2632 0
c 0 2633 0
c 0 2636 2
c 0 2637 2
c 0 2638 0
c 0 2639 0
c 0 2644 2
c 0 2645 2
c 0 2646 0
c 0 2647 0
c 0 2648 2
c 0 2649 2
c 0 2660 0
c 0 2661 0
c 0 2662 0
c 0 2663 0
c 0 2664 2
c 0 2665 0
c 0 2666 0
c 0 2667 0
c 0 2668 0
c 0 2669 0
c 0 2670 2
c 0 2671 2
c 0 2672 2
c 0 2673 2
c 0 2674 2
c 0 2675 2
c 0 2676 2
c 0 2677 2
c 0 2678 0
c 0 2679 0
c 0 2680 0
c 0 2681 0
c 0 2682 2
c 0 2683 2
c 0 2684 2
c 0 2685 2
c 0 2686 0
c 0 2687 2
c 0 2688 0
c 0 2689 2
c 0 2690 0
c 0 2691 0
c 0 2692 0
c 0 2693 0
c 0 2694 2
c 0 2695 2
c 0 2696 2
c 0 2697 2
c 0 2698 0
c 0 2699 0
c 0 2700 0
c 0 2701 0
c 0 2702 0
c 0 2703 0
c 0 2704 0
c 0 2705 0
c 0 2706 2
c 0 2707 0
c 0 2708 2
c 0 2709 0
c 0 2720 2
c 0 2721 2
c 0 2722 2
c 0 2723 2
c 0 2724 2
c 0 2725 2
c 0 2726 2
c 0 2727 2
c 0 2734 0
c 0 2735 0
c 0 2736 0
c 0 2737 0
c 0 2738 0
c 0 2739 0
c 0 2742 2
c 0 2743 2
c 0 2744 2
c 0 2745 2
c 0 2746 2
c 0 2747 2
c 0 2750 0
c 0 2751 0
c 0 2752 0
c 0 2753 0
c 0 2754 0
c 0 2755 0
c 0 2758 0
c 0 2759 0
c 0 2766 2
c 0 2767 2
c 0 2774 0
c 0 2775 0
c 0 2777 2
c 0 2798 0
c 0 2801 2
c 0 2803 2
c 0 2805 0
c 0 2809 0
c 0 2818 2
c 0 2819 2
c 0 2820 2
c 0 2821 2
c 0 2822 2
c 0 2823 2
c 0 2824 2
c 0 2825 2
c 0 2828 0
c 0 2829 0
c 0 2832 2
c 0 2833 2
c 0 2844 0
c 0 2845 0
c 0 2846 0
c 0 2847 0
c 0 2850 0
c 0 2851 0
c 0 2858 2
c 0 2859 2
c 0 2860 2
c 0 2861 2
c 0 2862 2
c 0 2863 2
c 0 2864 0
c 0 2865 0
c 0 2866 0
c 0 2867 0
c 0 2871 0
c 0 2872 2
c 0 2873 2
c 0 2875 2
c 0 2876 2
c 0 2877 2
c 1 0 2
c 1 1 2
c 1 2 2
c 1 3 2
c 1 4 2
c 1 5 2
c 1 6 0
c 1 7 0
c 1 8 0
c 1 9 0
c 1 10 0
c 1 11 0
c 1 30 2
c 1 31 2
c 1 32 2
c 1 33 2
c 1 34 2
c 1 35 2
c 1 36 2
c 1 37 2
c 1 92 2
c 1 93 2
c 1 94 2
c 1 95 2
c 1 122 2
c 1 123 2
c 1 124 2
c 1 125 2
c 1 126 2
c 1 127 2
c 1 128 2
c 1 129 2
c 1 130 2
c 1 131 2
c 1 132 2
c 1 133 2
c 1 146 0
c 1 147 0
c 1 158 0
c 1 159 0
c 1 160 0
c 1 161 0
c 1 162 0
c 1 163 0
c 1 164 0
c 1 165 0
c 1 166 0
c 1 167 0
c 1 168 0
c 1 169 0
c 1 170 0
c 1 171 0
c 1 176 0
c 1 177 0
c 1 178 0
c 1 179 0
c 1 180 0
c 1 181 0
c 1 182 0
c 1 183 0
c 1 192 2
c 1 193 2
c 1 194 2
c 1 203 2
c 1 204 2
c 1 205 2
c 1 212 2
c 1 214 2
c 1 215 2
c 1 216 2
c 1 220 2
c 1 221 2
c 1 222 2
c 1 223 2
c 1 224 2
c 1 225 2
c 1 226 2
c 1 227 2
c 1 228 2
c 1 229 2
c 1 234 0
c 1 235 0
c 1 238 0
c 1 239 0
c 1 242 0
c 1 243 0
c 1 248 0
c 1 249 0
c 1 250 0
c 1 251 0
c 1 252 0
c 1 253 0
c 1 254 0
c 1 255 0
c 1 256 0
c 1 257 0
c 1 258 0
c 1 259 0
c 1 260 0
c 1 261 0
c 1 280 2
c 1 283 2
c 1 284 2
c 1 285 2
c 1 286 2
c 1 287 2
c 1 288 2
c 1 290 2
c 1 295 2
c 1 296 2
c 1 297 2
c 1 298 2
c 1 299 2
c 1 300 2
c 1 302 2
c 1 303 2
c 1 304 2
c 1 306 2
c 1 307 2
c 1 308 2
c 1 309 2
c 1 310 2
c 1 311 2
c 1 318 2
c 1 319 2
c 1 322 2
c 1 323 2
c 1 329 2
c 1 338 0
c 1 339 0
c 1 342 0
c 1 343 0
c 1 344 0
c 1 345 0
c 1 346 0
c 1 347 0
c 1 348 0
c 1 349 0
c 1 350 0
c 1 351 0
c 1 352 0
c 1 353 0
c 1 354 0
c 1 355 0
c 1 356 0
c 1 357 0
c 1 358 0
c 1 359 0
c 1 360 0
c 1 361 0
c 1 362 0
c 1 363 0
c 1 366 0
c 1 367 0
c 1 374 0
c 1 375 0
c 1 378 2
c 1 379 2
c 1 380 2
c 1 394 2
c 1 397 2
c 1 399 2
c 1 412 0
c 1 413 0
c 1 414 2
c 1 415 2
c 1 416 2
c 1 417 2
c 1 418 2
c 1 419 2
c 1 420 2
c 1 421 2
c 1 424 2
c 1 425 2
c 1 464 2
c 1 465 2
c 1 466 2
c 1 467 2
c 1 478 2
c 1 479 2
c 1 482 2
c 1 483 2
c 1 489 2
c 1 492 2
c 1 495 2
c 1 496 2
c 1 498 2
c 1 499 2
c 1 504 0
c 1 505 0
c 1 506 0
c 1 507 0
c 1 508 0
c 1 509 0
c 1 512 2
c 1 513 2
c 1 514 2
c 1 515 2
c 1 516 2
c 1 517 2
c 1 558 0
c 1 559 0
c 1 560 0
c 1 561 0
c 1 562 0
c 1 563 0
c 1 566 0
c 1 567 0
c 1 568 0
c 1 569 0
c 1 570 0
c 1 571 0
c 1 572 0
c 1 573 0
c 1 574 0
c 1 575 0
c 1 584 0
c 1 585 0
c 1 586 0
c 1 587 0
c 1 590 0
c 1 591 0
c 1 592 0
c 1 593 0
c 1 594 0
c 1 595 0
c 1 596 0
c 1 597 0
c 1 606 2
c 1 607 2
c 1 608 2
c 1 609 2
c 1 610 2
c 1 611 2
c 1 612 2
c 1 613 2
c 1 614 2
c 1 615 2
c 1 616 2
c 1 617 2
c 1 618 2
c 1 619 2
c 1 620 2
c 1 621 2
c 1 622 2
c 1 623 2
c 1 624 2
c 1 625 2
c 1 628 2
c 1 629 2
c 1 630 2
c 1 631 2
c 1 632 2
c 1 633 2
c 1 634 2
c 1 635 2
c 1 638 0
c 1 639 0
c 1 640 0
c 1 641 0
c 1 642 0
c 1 643 0
c 1 644 0
c 1 645 0
c 1 646 0
c 1 647 0
c 1 650 2
c 1 651 2
c 1 652 2
c 1 653 2
c 1 654 2
c 1 655 2
c 1 656 2
c 1 657 2
c 1 658 2
c 1 659 2
c 1 662 0
c 1 663 0
c 1 664 0
c 1 665 0
c 1 666 0
c 1 667 0
c 1 668 0
c 1 669 0
c 1 670 0
c 1 671 0
c 1 672 0
c 1 673 0
c 1 676 0
c 1 677 0
c 1 678 0
c 1 679 0
c 1 680 0
c 1 681 0
c 1 682 0
c 1 683 0
c 1 684 0
c 1 685 0
c 1 686 0
c 1 687 0
c 1 690 0
c 1 691 0
c 1 692 0
c 1 693 0
c 1 702 2
c 1 703 2
c 1 704 2
c 1 705 2
c 1 706 2
c 1 707 2
c 1 708 2
c 1 709 2
c 1 710 2
c 1 711 2
c 1 712 2
c 1 713 2
c 1 734 0
c 1 735 0
c 1 738 0
c 1 739 0
c 1 740 0
c 1 741 0
c 1 742 0
c 1 743 0
c 1 744 0
c 1 745 0
c 1 750 0
c 1 751 0
c 1 754 2
c 1 755 2
c 1 764 2
c 1 771 2
c 1 776 2
c 1 780 2
c 1 781 2
c 1 782 2
c 1 783 2
c 1 784 2
c 1 785 2
c 1 787 2
c 1 789 2
c 1 792 2
c 1 793 2
c 1 794 2
c 1 795 2
c 1 796 2
c 1 797 2
c 1 798 2
c 1 799 2
c 1 800 2
c 1 801 2
c 1 802 2
c 1 803 2
c 1 826 0
c 1 827 0
c 1 828 0
c 1 829 0
c 1 830 0
c 1 831 0
c 1 832 0
c 1 833 0
c 1 834 0
c 1 835 0
c 1 836 0
c 1 837 0
c 1 838 0
c 1 839 0
c 1 840 0
c 1 841 0
c 1 842 0
c 1 843 0
c 1 844 0
c 1 845 0
c 1 846 0
c 1 847 0
c 1 848 2
c 1 849 2
c 1 850 0
c 1 851 0
c 1 852 0
c 1 853 0
c 1 854 0
c 1 858 2
c 1 865 2
c 1 866 2
c 1 868 2
c 1 872 2
c 1 873 2
c 1 874 2
c 1 876 2
c 1 877 2
c 1 879 2
c 1 880 2
c 1 882 2
c 1 883 2
c 1 884 2
c 1 890 2
c 1 891 2
c 1 892 2
c 1 893 2
c 1 894 2
c 1 895 2
c 1 896 2
c 1 897 2
c 1 898 2
c 1 899 2
c 1 920 0
c 1 921 0
c 1 922 0
c 1 923 0
c 1 924 0
c 1 925 0
c 1 926 0
c 1 927 0
c 1 928 0
c 1 929 0
c 1 930 0
c 1 931 0
c 1 932 0
c 1 933 0
c 1 934 0
c 1 935 0
c 1 936 0
c 1 942 2
c 1 946 2
c 1 947 2
c 1 952 2
c 1 955 2
c 1 956 2
c 1 958 2
c 1 959 2
c 1 960 2
c 1 963 2
c 1 966 2
c 1 971 2
c 1 972 2
c 1 973 2
c 1 974 2
c 1 975 2
c 1 976 2
c 1 978 2
c 1 983 2
c 1 994 2
c 1 995 2
c 1 1018 0
c 1 1019 0
c 1 1020 0
c 1 1021 0
c 1 1022 0
c 1 1023 0
c 1 1024 0
c 1 1025 0
c 1 1026 0
c 1 1027 0
c 1 1028 0
c 1 1029 0
c 1 1030 0
c 1 1031 0
c 1 1032 0
c 1 1033 0
c 1 1034 0
c 1 1035 0
c 1 1046 0
c 1 1047 0
c 1 1050 2
c 1 1051 2
c 1 1055 2
c 1 1057 2
c 1 1061 2
c 1 1062 2
c 1 1063 2
c 1 1065 2
c 1 1066 2
c 1 1067 2
c 1 1073 2
c 1 1086 2
c 1 1087 2
c 1 1090 0
c 1 1102 0
c 1 1103 0
c 1 1104 0
c 1 1105 0
c 1 1114 0
c 1 1115 0
c 1 1116 0
c 1 1117 0
c 1 1118 0
c 1 1119 0
c 1 1120 0
c 1 1121 0
c 1 1122 0
c 1 1123 0
c 1 1124 0
c 1 1125 0
c 1 1126 0
c 1 1127 0
c 1 1128 0
c 1 1129 0
c 1 1135 2
c 1 1138 2
c 1 1139 2
c 1 1145 2
c 1 1146 2
c 1 1147 2
c 1 1149 2
c 1 1152 2
c 1 1153 2
c 1 1154 2
c 1 1155 2
c 1 1157 2
c 1 1161 2
c 1 1163 2
c 1 1164 2
c 1 1168 2
c 1 1169 2
c 1 1173 2
c 1 1176 0
c 1 1177 0
c 1 1180 0
c 1 1181 0
c 1 1184 2
c 1 1185 2
c 1 1186 2
c 1 1187 2
c 1 1188 2
c 1 1189 2
c 1 1190 2
c 1 1191 2
c 1 1206 2
c 1 1207 2
c 1 1224 2
c 1 1225 2
c 1 1228 2
c 1 1229 2
c 1 1250 0
c 1 1251 0
c 1 1252 0
c 1 1253 0
c 1 1254 0
c 1 1255 0
c 1 1256 0
c 1 1257 0
c 1 1260 0
c 1 1261 0
c 1 1262 0
c 1 1263 0
c 1 1264 0
c 1 1265 0
c 1 1266 0
c 1 1267 0
c 1 1276 2
c 1 1277 2
c 1 1278 2
c 1 1279 2
c 1 1280 2
c 1 1281 2
c 1 1282 2
c 1 1283 2
c 1 1284 2
c 1 1285 2
c 1 1286 2
c 1 1287 2
c 1 1288 2
c 1 1289 2
c 1 1290 2
c 1 1291 2
c 1 1310 0
c 1 1311 0
c 1 1314 0
c 1 1315 0
c 1 1316 0
c 1 1317 0
c 1 1318 0
c 1 1319 0
c 1 1320 0
c 1 1321 0
c 1 1324 0
c 1 1325 0
c 1 1328 0
c 1 1329 0
c 1 1330 0
c 1 1331 0
c 1 1334 0
c 1 1335 0
c 1 1336 0
c 1 1337 0
c 1 1338 0
c 1 1339 0
c 1 1342 0
c 1 1343 0
c 1 1344 2
c 1 1345 2
c 1 1346 0
c 1 1347 0
c 1 1350 0
c 1 1351 0
c 1 1352 0
c 1 1353 0
c 1 1362 2
c 1 1363 2
c 1 1364 2
c 1 1365 2
c 1 1366 2
c 1 1367 2
c 1 1368 2
c 1 1369 2
c 1 1374 2
c 1 1375 2
c 1 1376 2
c 1 1377 2
c 1 1378 2
c 1 1379 2
c 1 1386 2
c 1 1387 2
c 1 1404 0
c 1 1405 0
c 1 1406 0
c 1 1407 0
c 1 1408 0
c 1 1409 0
c 1 1410 0
c 1 1411 0
c 1 1412 0
c 1 1413 0
c 1 1414 0
c 1 1415 0
c 1 1416 0
c 1 1417 0
c 1 1418 0
c 1 1419 0
c 1 1422 2
c 1 1423 2
c 1 1424 2
c 1 1425 2
c 1 1428 0
c 1 1429 0
c 1 1433 2
c 1 1434 2
c 1 1435 2
c 1 1438 2
c 1 1441 2
c 1 1443 2
c 1 1445 2
c 1 1447 2
c 1 1451 2
c 1 1452 2
c 1 1453 2
c 1 1458 2
c 1 1460 2
c 1 1461 2
c 1 1464 0
c 1 1465 0
c 1 1466 0
c 1 1467 0
c 1 1468 0
c 1 1469 0
c 1 1470 0
c 1 1471 0
c 1 1476 2
c 1 1477 2
c 1 1478 2
c 1 1479 2
c 1 1486 0
c 1 1487 0
c 1 1490 0
c 1 1491 0
c 1 1506 0
c 1 1507 0
c 1 1508 0
c 1 1509 0
c 1 1512 0
c 1 1513 0
c 1 1524 0
c 1 1525 0
c 1 1533 2
c 1 1547 2
c 1 1548 2
c 1 1566 2
c 1 1567 2
c 1 1568 2
c 1 1569 2
c 1 1570 2
c 1 1571 2
c 1 1578 0
c 1 1579 0
c 1 1582 0
c 1 1583 0
c 1 1585 2
c 1 1620 0
c 1 1621 0
c 1 1622 0
c 1 1623 0
c 1 1627 2
c 1 1630 2
c 1 1631 2
c 1 1632 2
c 1 1634 2
c 1 1643 2
c 1 1644 2
c 1 1645 2
c 1 1646 2
c 1 1650 2
c 1 1652 2
c 1 1653 2
c 1 1656 2
c 1 1657 2
c 1 1658 2
c 1 1659 2
c 1 1660 2
c 1 1661 2
c 1 1662 2
c 1 1663 2
c 1 1664 2
c 1 1665 2
c 1 1666 2
c 1 1667 2
c 1 1686 2
c 1 1687 2
c 1 1692 0
c 1 1693 0
c 1 1694 0
c 1 1695 0
c 1 1696 0
c 1 1697 0
c 1 1698 0
c 1 1699 0
c 1 1700 0
c 1 1701 0
c 1 1702 0
c 1 1703 0
c 1 1704 0
c 1 1705 0
c 1 1708 0
c 1 1709 0
c 1 1714 0
c 1 1715 0
c 1 1716 0
c 1 1717 0
c 1 1718 0
c 1 1719 0
c 1 1722 2
c 1 1723 2
c 1 1725 2
c 1 1726 2
c 1 1729 2
c 1 1734 2
c 1 1738 2
c 1 1745 2
c 1 1746 2
c 1 1747 2
c 1 1750 2
c 1 1751 2
c 1 1752 2
c 1 1753 2
c 1 1754 2
c 1 1755 2
c 1 1758 2
c 1 1759 2
c 1 1764 2
c 1 1765 2
c 1 1780 2
c 1 1781 2
c 1 1792 0
c 1 1793 0
c 1 1794 0
c 1 1795 0
c 1 1796 0
c 1 1797 0
c 1 1798 0
c 1 1799 0
c 1 1812 0
c 1 1813 0
c 1 1821 2
c 1 1826 2
c 1 1827 2
c 1 1834 2
c 1 1835 2
c 1 1838 2
c 1 1839 2
c 1 1841 2
c 1 1844 2
c 1 1848 0
c 1 1849 0
c 1 1850 0
c 1 1851 0
c 1 1854 2
c 1 1855 2
c 1 1867 0
c 1 1872 2
c 1 1873 2
c 1 1892 0
c 1 1893 0
c 1 1894 0
c 1 1895 0
c 1 1896 0
c 1 1897 0
c 1 1898 0
c 1 1899 0
c 1 1900 0
c 1 1901 0
c 1 1902 0
c 1 1903 0
c 1 1904 0
c 1 1905 0
c 1 1906 0
c 1 1907 0
c 1 1944 2
c 1 1945 2
c 1 1950 2
c 1 1951 2
c 1 1952 2
c 1 1953 2
c 1 1954 2
c 1 1955 2
c 1 1958 2
c 1 1959 2
c 1 1962 2
c 1 1963 2
c 1 1964 2
c 1 1965 2
c 1 1972 2
c 1 1973 2
c 1 1974 2
c 1 1975 2
c 1 1998 0
c 1 1999 0
c 1 2000 0
c 1 2001 0
c 1 2002 0
c 1 2003 0
c 1 2004 0
c 1 2005 0
c 1 2006 0
c 1 2007 0
c 1 2010 0
c 1 2011 0
c 1 2012 0
c 1 2013 0
c 1 2014 0
c 1 2015 0
c 1 2016 0
c 1 2017 0
c 1 2018 0
c 1 2019 0
c 1 2020 0
c 1 2021 0
c 1 2022 0
c 1 2023 0
c 1 2024 0
c 1 2025 0
c 1 2026 0
c 1 2027 0
c 1 2044 2
c 1 2045 2
c 1 2048 2
c 1 2049 2
c 1 2050 2
c 1 2051 2
c 1 2060 2
c 1 2061 2
c 1 2066 2
c 1 2067 2
c 1 2068 2
c 1 2069 2
c 1 2070 2
c 1 2071 2
c 1 2074 0
c 1 2075 0
c 1 2076 0
c 1 2077 0
c 1 2078 0
c 1 2079 0
c 1 2080 0
c 1 2081 0
c 1 2082 0
c 1 2083 0
c 1 2084 0
c 1 2085 0
c 1 2086 0
c 1 2087 0
c 1 2094 2
c 1 2095 2
c 1 2096 2
c 1 2097 2
c 1 2098 2
c 1 2099 2
c 1 2100 0
c 1 2101 0
c 1 2107 2
c 1 2110 2
c 1 2111 2
c 1 2113 2
c 1 2114 2
c 1 2115 2
c 1 2118 2
c 1 2119 2
c 1 2123 0
c 1 2126 2
c 1 2136 0
c 1 2137 0
c 1 2138 0
c 1 2139 0
c 1 2140 0
c 1 2141 0
c 1 2142 0
c 1 2143 0
c 1 2152 0
c 1 2153 0
c 1 2162 0
c 1 2163 0
c 1 2190 2
c 1 2191 2
c 1 2192 2
c 1 2193 2
c 1 2196 0
c 1 2197 0
c 1 2198 0
c 1 2199 0
c 1 2204 2
c 1 2205 2
c 1 2211 2
c 1 2213 2
c 1 2214 2
c 1 2215 2
c 1 2216 2
c 1 2218 2
c 1 2219 2
c 1 2220 2
c 1 2222 2
c 1 2223 2
c 1 2227 2
c 1 2228 2
c 1 2229 2
c 1 2230 0
c 1 2231 0
c 1 2232 0
c 1 2233 0
c 1 2242 2
c 1 2243 2
c 1 2244 2
c 1 2245 2
c 1 2246 2
c 1 2247 2
c 1 2254 0
c 1 2272 0
c 1 2273 0
c 1 2276 0
c 1 2277 0
c 1 2278 0
c 1 2279 0
c 1 2292 0
c 1 2293 0
c 1 2295 0
c 1 2303 2
c 1 2308 0
c 1 2332 2
c 1 2333 2
c 1 2338 2
c 1 2339 2
c 1 2340 2
c 1 2350 0
c 1 2351 0
c 1 2356 2
c 1 2357 2
c 1 2358 2
c 1 2359 2
c 1 2388 0
c 1 2389 0
c 1 2390 0
c 1 2391 0
c 1 2394 2
c 1 2395 2
c 1 2396 2
c 1 2399 2
c 1 2400 2
c 1 2401 2
c 1 2403 2
c 1 2404 2
c 1 2406 2
c 1 2410 2
c 1 2411 2
c 1 2417 2
c 1 2420 2
c 1 2421 2
c 1 2426 0
c 1 2427 0
c 1 2432 2
c 1 2433 2
c 1 2434 2
c 1 2435 2
c 1 2436 2
c 1 2437 2
c 1 2450 0
c 1 2451 0
c 1 2458 0
c 1 2459 0
c 1 2460 0
c 1 2461 0
c 1 2462 0
c 1 2463 0
c 1 2464 0
c 1 2465 0
c 1 2466 0
c 1 2467 0
c 1 2468 0
c 1 2469 0
c 1 2470 0
c 1 2471 0
c 1 2472 0
c 1 2473 0
c 1 2478 0
c 1 2479 0
c 1 2480 0
c 1 2481 0
c 1 2482 0
c 1 2483 0
c 1 2484 0
c 1 2485 0
c 1 2491 2
c 1 2492 2
c 1 2495 2
c 1 2496 2
c 1 2497 2
c 1 2501 2
c 1 2518 2
c 1 2520 2
c 1 2521 2
c 1 2524 2
c 1 2525 2
c 1 2526 2
c 1 2527 2
c 1 2528 2
c 1 2529 2
c 1 2530 2
c 1 2531 2
c 1 2532 2
c 1 2533 2
c 1 2534 2
c 1 2535 2
c 1 2537 2
c 1 2538 2
c 1 2539 2
c 1 2544 2
c 1 2545 2
c 1 2574 0
c 1 2575 0
c 1 2576 0
c 1 2577 0
c 1 2578 0
c 1 2579 0
c 1 2582 0
c 1 2583 0
c 1 2592 0
c 1 2593 0
c 1 2594 0
c 1 2595 0
c 1 2602 0
c 1 2603 0
c 1 2606 2
c 1 2607 2
c 1 2608 2
c 1 2609 2
c 1 2610 2
c 1 2611 2
c 1 2612 0
c 1 2613 0
c 1 2614 2
c 1 2615 2
c 1 2616 2
c 1 2617 2
c 1 2622 2
c 1 2623 2
c 1 2624 2
c 1 2625 2
c 1 2626 2
c 1 2627 2
c 1 2628 0
c 1 2629 0
c 1 2630 2
c 1 2631 2
c 1 2632 0
c 1 2633 0
c 1 2636 2
c 1 2637 2
c 1 2660 0
c 1 2661 0
c 1 2662 0
c 1 2663 0
c 1 2664 2
c 1 2665 0
c 1 2666 0
c 1 2667 0
c 1 2668 0
c 1 2669 0
c 1 2670 2
c 1 2671 2
c 1 2672 2
c 1 2673 2
c 1 2674 2
c 1 2675 2
c 1 2676 2
c 1 2677 2
c 1 2678 0
c 1 2679 0
c 1 2680 0
c 1 2681 0
c 1 2682 0
c 1 2683 0
c 1 2684 2
c 1 2685 0
c 1 2686 0
c 1 2687 0
c 1 2688 0
c 1 2689 0
c 1 2690 0
c 1 2691 0
c 1 2692 0
c 1 2693 0
c 1 2694 0
c 1 2695 0
c 1 2696 0
c 1 2697 0
c 1 2698 0
c 1 2699 0
c 1 2700 0
c 1 2701 0
c 1 2702 0
c 1 2703 0
c 1 2704 0
c 1 2705 0
c 1 2706 0
c 1 2707 0
c 1 2708 2
c 1 2709 0
c 1 2720 2
c 1 2721 2
c 1 2722 2
c 1 2723 2
c 1 2724 2
c 1 2725 2
c 1 2726 2
c 1 2727 2
c 1 2747 2
c 1 2780 2
c 1 2783 2
c 1 2786 2
c 1 2792 2
c 1 2797 2
c 1 2802 2
c 1 2803 2
c 1 2812 2
c 1 2813 2
c 1 2818 2
c 1 2819 2
c 1 2820 2
c 1 2821 2
c 1 2822 2
c 1 2823 2
c 1 2824 2
c 1 2825 2
c 1 2832 2
c 1 2833 2
c 1 2850 0
c 1 2851 0
c 1 2861 2
c 1 2864 0
c 1 2865 0
c 1 2866 0
c 1 2867 0
c 1 2874 2
c 1 2875 2
c 1 2877 2
c 1 2878 2
c 1 2879 2
